1
0 b red 100 15 100 500
0 c blue 100 15 100 500
0 d blue 100 15 100 500
0 e yellow 100 15 100 500
0 f yellow 100 15 100 500 
0 g green 100 15 100 500 
0 h green 100 15 100 500 
0 d blue 100 15 100 500
0 e yellow 100 15 100 500
0 f yellow 100 15 100 500 
0 g green 100 15 100 500 
0 h green 100 15 100 500  
0 d blue 100 15 100 500
0 e yellow 100 15 100 500
0 f yellow 100 15 100 500 
0 g green 100 15 100 500 
0 h green 100 15 100 500  
0 d blue 100 15 100 500
0 e yellow 100 15 100 500
0 f yellow 100 15 100 500 
0 g green 100 15 100 500 
0 h green 100 15 100 500   
0 a red 100 15 100 500
0 b red 100 15 100 500
0 c blue 100 15 100 500
0 d blue 100 15 100 500
0 e yellow 100 15 100 500
0 f yellow 100 15 100 500 
0 g green 100 15 100 500 
0 h green 100 15 100 500 
0 d blue 100 15 100 500
0 e yellow 100 15 100 500
0 f yellow 100 15 100 500 
0 g green 100 15 100 500 
0 h green 100 15 100 500  
0 d blue 100 15 100 500
0 e yellow 100 15 100 500
0 f yellow 100 15 100 500 
0 g green 100 15 100 500 
0 h green 100 15 100 500  
0 d blue 100 15 100 500
0 e yellow 100 15 100 500
0 f yellow 100 15 100 500 
0 g green 100 15 100 500 
0 h green 100 15 100 500   